@relation pacientes_fallecidos

@attribute 'id,epoc,imc,alcoholismo,cancer,cardiopatia,colesterol,edad,forma_fisica,hepatitis,hipertension,reuma,sexo,tabaquismo,fallecido' {'11,0,23,1,0,0,1,42,2,2,1,1,0,0,Si','18,1,33,0,1,0,1,63,2,1,1,1,0,0,Si','22,1,29,0,1,1,0,83,2,1,1,0,1,0,Si','24,1,34,1,1,0,1,36,3,2,1,0,1,0,Si','26,0,28,0,1,1,0,27,2,0,0,1,0,0,Si','30,0,35,0,1,1,0,24,2,1,0,0,1,1,Si','39,1,28,1,1,0,1,97,2,1,1,0,0,0,Si','42,0,28,0,1,1,1,97,2,1,1,0,1,0,Si','48,1,22,1,0,0,0,20,3,2,0,1,0,0,Si','50,0,28,1,1,0,1,54,2,1,0,1,0,0,Si','52,1,26,0,0,1,1,44,1,2,1,1,1,1,Si','55,1,20,0,0,1,0,88,2,1,0,1,1,1,Si','62,0,29,1,0,1,0,17,3,0,1,1,0,0,Si','63,1,33,1,1,1,0,90,1,3,0,0,1,0,Si','68,1,29,0,1,1,1,56,3,3,0,1,0,1,Si','69,0,20,0,1,0,0,94,3,1,1,0,0,1,Si','72,0,35,1,0,1,0,65,3,0,1,1,1,0,Si','73,0,27,1,1,1,0,74,2,3,0,0,1,0,Si','74,1,33,0,0,0,1,69,1,2,1,0,1,1,Si','75,0,29,0,1,1,1,81,3,3,1,0,0,0,Si','83,0,25,1,1,0,1,88,1,2,1,1,0,0,Si','84,0,22,1,1,0,0,37,1,2,1,1,0,0,Si','85,1,20,0,1,0,0,63,2,1,1,1,0,1,Si','86,0,33,0,0,0,1,79,2,1,1,0,0,1,Si','88,1,32,0,0,1,0,50,2,0,0,1,0,1,Si','96,0,30,1,1,0,0,49,1,1,0,1,0,0,Si','97,1,26,1,1,1,1,55,3,1,0,1,0,1,Si','99,0,26,1,1,0,1,56,1,0,1,1,1,1,Si','104,0,33,0,0,0,0,52,3,0,1,0,0,0,Si','106,0,34,0,1,1,1,58,3,2,0,1,1,1,Si','107,1,21,0,1,1,1,55,2,0,0,0,0,1,Si','112,1,24,1,0,0,1,91,1,1,1,0,1,0,Si','116,1,27,1,0,1,0,68,2,3,0,0,0,0,Si','124,1,21,0,1,0,1,67,3,1,0,0,1,0,Si','130,0,23,0,0,1,0,53,1,0,1,1,1,0,Si','131,0,22,1,3,1,1,90,3,0,1,1,1,1,Si','133,1,34,1,0,1,1,43,2,1,0,1,0,0,SI','137,1,30,0,3,1,0,98,3,0,1,1,1,0,Si','139,1,21,0,0,1,1,92,2,0,0,0,0,1,Si','156,1,25,1,0,1,1,87,3,0,0,1,1,0,Si','162,0,34,0,0,1,0,45,1,0,0,1,1,0,Si','171,1,34,1,0,0,0,95,3,1,1,1,0,1,Si','175,1,21,1,0,0,1,40,3,1,1,1,1,1,Si','186,1,23,0,3,1,0,95,1,1,1,1,1,1,Si','197,0,20,0,0,1,1,35,3,1,0,0,0,0,Si','206,1,35,1,1,1,1,59,2,0,1,0,1,1,Si','207,0,24,1,1,1,0,82,2,1,0,1,1,0,Si','213,1,20,0,3,1,0,31,1,1,1,1,0,0,Si','219,0,20,0,2,0,1,78,1,1,1,0,1,0,Si','224,1,28,0,0,1,0,37,1,1,0,0,1,1,Si','239,0,29,1,0,0,1,86,1,2,1,1,0,0,Si','252,0,29,0,0,1,0,83,1,3,0,0,1,1,Si','255,1,22,0,0,0,1,50,1,1,0,1,1,0,Si'}

@data
 ...


Cluster 0 tamaño: 51.0 Prototipo: '11,0,23,1,0,0,1,42,2,2,1,1,0,0,Si' 
Cluster 1 tamaño: 1.0 Prototipo: '116,1,27,1,0,1,0,68,2,3,0,0,0,0,Si' 
Cluster 2 tamaño: 1.0 Prototipo: '39,1,28,1,1,0,1,97,2,1,1,0,0,0,Si' 
--- hecho! ---
